ISO	Country	Year	GPI	offrel	formrelat	GNI	dogint	groupvalue	GPIlog	offrellog	dogintlog	GNIlog
"DZA"	"Algeria"	2008.0	2.29	1.0	10.0	1.46377600561396E11	7.0	2.0	0.828551817566148	0.0	1.94591014905531	25.7094554251379
"ARG"	"Argentina"	2008.0	1.77	0.0	9.0	3.0735673951693E11	10.0	1.0	0.570979546585738	1.0	2.30258509299405	26.4512749278837
"AZE"	"Azerbaijan"	2008.0	2.29	0.0	3.0	3.41345186214846E10	9.0	1.0	0.828551817566148	1.0	2.19722457733622	24.2535749855196
"BHR"	"Bahrain"	2008.0	1.8	1.0	11.0	2.32501330287215E10	7.0	4.0	0.587786664902119	0.0	1.94591014905531	23.8695766906289
"BLR"	"Belarus"	2008.0	2.06	0.0	8.0	5.20954249491E10	9.0	1.0	0.72270598280149	1.0	2.19722457733622	24.6763429689728
"BRA"	"Brazil"	2008.0	2.1	0.0	5.0	1.42734064067963E12	10.0	2.0	0.741937344729377	1.0	2.30258509299405	27.9868341369942
"BGR"	"Bulgaria"	2008.0	1.72	0.0	9.0	4.57057621768696E10	9.0	1.0	0.542324290825362	1.0	2.19722457733622	24.5454902139195
"CHL"	"Chile"	2008.0	1.43	0.0	9.0	1.68014759403805E11	9.0	1.0	0.357674444271816	1.0	2.19722457733622	25.8473176660848
"CHN"	"China"	2008.0	2.03	0.0	1.0	4.10600586008548E12	10.0	1.0	0.708035793053696	1.0	2.30258509299405	29.0434718617248
"COL"	"Colombia"	2008.0	2.61	0.0	8.0	2.09435564787444E11	9.0	2.0	0.959350221334602	1.0	2.19722457733622	26.0676819623532
"CZE"	"Czech Republic"	2008.0	1.44	0.0	7.0	1.90041023673736E11	10.0	3.0	0.364643113587909	1.0	2.30258509299405	25.9705057998731
"ECU"	"Ecuador"	2008.0	2.17	0.0	9.0	5.60659324657801E10	9.0	2.0	0.774727167552368	1.0	2.19722457733622	24.7497942005907
"EST"	"Estonia"	2008.0	1.58	0.0	6.0	2.01495339581466E10	10.0	3.0	0.457424847038875	1.0	2.30258509299405	23.7264469964437
"GHA"	"Ghana"	2008.0	1.77	0.0	4.0	2.6965436864424E10	8.0	2.0	0.570979546585738	1.0	2.07944154167984	24.0178217667697
"HTI"	"Haiti"	2008.0	2.35	0.0	9.0	5.96830366200601E9	9.0	1.0	0.854415328156068	1.0	2.19722457733622	22.5097285802569
"HUN"	"Hungary"	2008.0	1.45	0.0	7.0	1.32624401057828E11	10.0	1.0	0.371563556432483	1.0	2.30258509299405	25.6107869178125
"IND"	"India"	2008.0	2.49	0.0	8.0	1.19162349634141E12	9.0	2.0	0.912282710476616	1.0	2.19722457733622	27.8063377759038
"IRQ"	"Iraq"	2008.0	3.37	1.0	10.0	1.03074220267535E11	4.0	2.0	1.21491274436427	0.0	1.38629436111989	25.3587151508009
"JOR"	"Jordan"	2008.0	1.83	1.0	11.0	2.01894205461401E10	5.0	2.0	0.60431596685333	0.0	1.6094379124341	23.7284245688167
"KAZ"	"Kazakhstan"	2008.0	2.03	0.0	6.0	9.63839555109997E10	9.0	2.0	0.708035793053696	1.0	2.19722457733622	25.2916055881029
"KWT"	"Kuwait"	2008.0	1.67	1.0	12.0	1.37351808666176E11	4.0	4.0	0.512823626428664	0.0	1.38629436111989	25.6458114177022
"LBN"	"Lebanon"	2008.0	2.67	0.0	6.0	2.89698084085428E10	7.0	2.0	0.982078472412158	1.0	1.94591014905531	24.0895200352623
"LBY"	"Libya"	2008.0	1.87	1.0	11.0	7.39337449809914E10	7.0	2.0	0.625938430866495	0.0	1.94591014905531	25.0264351910013
"LTU"	"Lithuania"	2008.0	1.67	0.0	7.0	4.04827377670418E10	10.0	2.0	0.512823626428664	1.0	2.30258509299405	24.4241414922237
"MYS"	"Malaysia"	2008.0	1.52	1.0	12.0	2.0463670518824E11	7.0	2.0	0.418710334858185	0.0	1.94591014905531	26.0445020741207
"MEX"	"Mexico"	2008.0	2.06	0.0	3.0	1.09704793369797E12	10.0	2.0	0.72270598280149	1.0	2.30258509299405	27.723643991525
"MAR"	"Morocco"	2008.0	1.82	1.0	11.0	8.6275667827529E10	4.0	2.0	0.598836501088704	0.0	1.38629436111989	25.1808134465847
"NGA"	"Nigeria"	2008.0	2.57	0.0	6.0	1.74966112689837E11	6.0	2.0	0.943905898907128	1.0	1.79175946922805	25.8878581503466
"PAK"	"Pakistan"	2008.0	2.89	1.0	12.0	1.65668653830097E11	3.0	2.0	1.06125650212434	0.0	1.09861228866811	25.8332555692533
"PER"	"Peru"	2008.0	2.06	0.0	9.0	1.08209359958995E11	9.0	2.0	0.72270598280149	1.0	2.19722457733622	25.4073337057079
"PHL"	"Philippines"	2008.0	2.37	0.0	6.0	1.87297617676314E11	8.0	2.0	0.86288995514704	1.0	2.07944154167984	25.955964727022
"POL"	"Poland"	2008.0	1.61	0.0	8.0	4.56354795782052E11	9.0	2.0	0.476234178996372	1.0	2.19722457733622	26.8465364048539
"QAT"	"Qatar"	2008.0	1.56	1.0	12.0	9.42155267560756E10		4.0	0.444685821261446	0.0		25.2688508325053
"ROU"	"Romania"	2008.0	1.54	0.0	8.0	1.79821620980797E11	9.0	2.0	0.431782416425538	1.0	2.19722457733622	25.9152312019257
"RWA"	"Rwanda"	2008.0	1.87	0.0	3.0	4.38367848967807E9	10.0	1.0	0.625938430866495	1.0	2.30258509299405	22.2011540466944
"SGP"	"Singapore"	2008.0	1.46	0.0	4.0	1.77501676359145E11	10.0	3.0	0.378436435720245	1.0	2.30258509299405	25.9022458900942
"SVN"	"Slovenia"	2008.0	1.37	0.0	6.0	4.99415212282337E10	9.0	3.0	0.314810739840034	1.0	2.19722457733622	24.6341185824521
"ZAF"	"South Africa"	2008.0	2.12	0.0	4.0	2.97832250136686E11	10.0	2.0	0.751416088683921	1.0	2.30258509299405	26.419796245949
"THA"	"Thailand"	2008.0	2.32	0.0	8.0	2.63926249459997E11	7.0	2.0	0.841567185678219	1.0	1.94591014905531	26.2989355429589
"TUN"	"Tunisia"	2008.0	1.66	1.0	11.0	4.01212201640487E10	9.0	2.0	0.506817602368452	0.0	2.19722457733622	24.4151712124403
"TUR"	"Turkey"	2008.0	2.43	0.0	3.0	6.88367371841803E11	8.0	2.0	0.887891257352457	1.0	2.07944154167984	27.2575885030684
"ARE"	"United Arab Emirates"	2008.0	1.56	1.0	11.0	2.82949571000644E11	6.0	4.0	0.444685821261446	0.0	1.79175946922805	26.3685345243671
"ARE"	"United Arab Emirates"	2008.0	1.56	1.0	11.0	2.82949571000644E11	6.0	4.0	0.444685821261446	0.0	1.79175946922805	26.3685345243671
"URY"	"Uruguay"	2008.0	1.52	0.0	3.0	2.57522302565605E10	10.0	1.0	0.418710334858185	1.0	2.30258509299405	23.9717870722108
"UZB"	"Uzbekistan"	2008.0	2.32	0.0	1.0	2.6827218219319E10	9.0	1.0	0.841567185678219	1.0	2.19722457733622	24.0126828142837
"ZWE"	"Zimbabwe"	2008.0	2.38	0.0	9.0	4.06821935595214E9	10.0	2.0	0.867100487683383	1.0	2.30258509299405	22.1264712359878
"DZA"	"Algeria"	2010.0	2.42	1.0	10.0	1.61080584687155E11	6.0	2.0	0.883767540168595	0.0	1.79175946922805	25.8051706027167
"ARG"	"Argentina"	2010.0	1926.0	0.0	9.0	3.78200074627375E11	10.0	1.0	7.56320059235807	1.0	2.30258509299405	26.6586891904933
"ARM"	"Armenia"	2010.0	2476.0	0.0	9.0	9.98673295071501E9	9.0	2.0	7.81439963380449	1.0	2.19722457733622	23.0245233441598
"AZE"	"Azerbaijan"	2010.0	2467.0	0.0	3.0	4.89517233050914E10	9.0	1.0	7.81075811652936	1.0	2.19722457733622	24.6141004107188
"BHR"	"Bahrain"	2010.0	1875.0	1.0	11.0	2.35375952665205E10	7.0	4.0	7.53636393840451	0.0	1.94591014905531	23.8818647783573
"BLR"	"Belarus"	2010.0	2171.0	0.0	8.0	5.77017525820971E10	9.0	1.0	7.68294316987829	1.0	2.19722457733622	24.778553384039
"BRA"	"Brazil"	2010.0	2084.0	0.0	5.0	1.89107411427257E12	10.0	2.0	7.64204440287326	1.0	2.30258509299405	28.2681660980005
"BGR"	"Bulgaria"	2010.0	1807.0	0.0	9.0	5.16086401259338E10	10.0	1.0	7.49942329059223	1.0	2.30258509299405	24.6669549397177
"CHL"	"Chile"	2010.0	1731.0	0.0	9.0	1.83264312202052E11	9.0	1.0	7.45645455517621	1.0	2.19722457733622	25.9341952767209
"CHN"	"China"	2010.0	2244.0	0.0	1.0	5.81091204172988E12	10.0	1.0	7.71601526664259	1.0	2.30258509299405	29.3907586523951
"COL"	"Colombia"	2010.0	2926.0	0.0	8.0	2.54309260142626E11	9.0	2.0	7.98139158158007	1.0	2.19722457733622	26.261816922957
"CZE"	"Czech Republic"	2010.0	1545.0	0.0	7.0	2.0116226389102E11	10.0	3.0	7.34277918933185	1.0	2.30258509299405	26.0273777023677
"ECU"	"Ecuador"	2010.0	2234.0	0.0	9.0	6.5932448654082E10	9.0	2.0	7.71154897962915	1.0	2.19722457733622	24.9118965495925
"EST"	"Estonia"	2010.0	1879.0	0.0	6.0	1.93585876954941E10	10.0	3.0	7.53849499941346	1.0	2.30258509299405	23.686401966521
"GEO"	"Georgia"	2010.0	3171.0	0.0	9.0	1.1776582999266E10	9.0	2.0	8.06180227453835	1.0	2.19722457733622	23.189378905118
"GHA"	"Ghana"	2010.0	1804.0	0.0	4.0	3.05396749077696E10	8.0	2.0	7.49776170062257	1.0	2.07944154167984	24.142292491879
"HTI"	"Haiti"	2010.0	2.21	0.0	9.0	6.50380200293629E9	9.0	1.0	0.792992515529661	1.0	2.19722457733622	22.5956527663756
"HUN"	"Hungary"	2010.0	1592.0	0.0	7.0	1.30992967337435E11	10.0	1.0	7.37274636640433	1.0	2.30258509299405	25.5984094742594
"IND"	"India"	2010.0	2.68	0.0	8.0	1.50791066884101E12	9.0	2.0	0.985816794522765	1.0	2.19722457733622	28.0417461455906
"IRQ"	"Iraq"	2010.0	3605.0	1.0	10.0	1.36157943666608E11	5.0	2.0	8.19007704971905	0.0	1.6094379124341	25.6370813993264
"JOR"	"Jordan"	2010.0	2012.0	1.0	11.0	2.48909446685889E10	6.0	2.0	7.60688453121963	0.0	1.79175946922805	23.9377699063457
"KAZ"	"Kazakhstan"	2010.0	2259.0	0.0	6.0	1.21371416098975E11	9.0	2.0	7.722677516468	1.0	2.19722457733622	25.5221212356161
"KWT"	"Kuwait"	2010.0	1677.0	1.0	12.0	1.26114335696527E11	6.0	4.0	7.42476176182321	0.0	1.79175946922805	25.5604547585986
"LBN"	"Lebanon"	2010.0	2751.0	0.0	6.0	3.70581833370604E10	7.0	2.0	7.91971976092457	1.0	1.94591014905531	24.3357550370949
"LBY"	"Libya"	2010.0	1917.0	1.0	11.0	7.67471447371662E10	7.0	2.0	7.55851674304564	0.0	1.94591014905531	25.0637820206001
"LTU"	"Lithuania"	2010.0	1817.0	0.0	7.0	3.84973124808192E10	10.0	2.0	7.50494206839617	1.0	2.30258509299405	24.3738542701106
"MYS"	"Malaysia"	2010.0	1597.0	1.0	12.0	2.32945356692874E11	7.0	2.0	7.37588214821501	0.0	1.94591014905531	26.1740697423764
"MEX"	"Mexico"	2010.0	2205.0	0.0	3.0	1.04731469757538E12	10.0	2.0	7.69848278788095	1.0	2.30258509299405	27.6772505734047
"MAR"	"Morocco"	2010.0	1983.0	1.0	11.0	9.62947974884911E10	6.0	2.0	7.5923661285198	0.0	1.79175946922805	25.2906801302879
"NGA"	"Nigeria"	2010.0	2.62	0.0	6.0	2.33070400094818E11	6.0	2.0	0.963174317773006	1.0	1.79175946922805	26.1746063912048
"PAK"	"Pakistan"	2010.0	3227.0	1.0	12.0	1.84122783057105E11	3.0	2.0	8.07930819205196	0.0	1.09861228866811	25.9388686712337
"PER"	"Peru"	2010.0	2.23	0.0	9.0	1.27971288855547E11	9.0	2.0	0.802001585472027	1.0	2.19722457733622	25.5750717698897
"PHL"	"Philippines"	2010.0	2515.0	0.0	6.0	2.31619027164463E11	7.0	2.0	7.83002808253384	1.0	1.94591014905531	26.1683597345577
"POL"	"Poland"	2010.0	1794.0	0.0	8.0	4.85840970895021E11	9.0	2.0	7.49220304261874	1.0	2.19722457733622	26.909147186918
"QAT"	"Qatar"	2010.0	1497.0	1.0	12.0	1.18091415845756E11	8.0	4.0	7.31121838441963	0.0	2.07944154167984	25.494724872036
"ROU"	"Romania"	2010.0	1779.0	0.0	8.0	1.74896810980265E11	9.0	2.0	7.48380668766583	1.0	2.19722457733622	25.8874619854157
"RWA"	"Rwanda"	2010.0	2.23	0.0	3.0	5.72161497626673E9	10.0	1.0	0.802001585472027	1.0	2.30258509299405	22.4675169409963
"SGP"	"Singapore"	2010.0	1588.0	0.0	4.0	2.27376809398305E11	10.0	3.0	7.37023064180708	1.0	2.30258509299405	26.1498744315246
"SVN"	"Slovenia"	2010.0	1376.0	0.0	6.0	5.03181218429375E10	9.0	3.0	7.22693601849329	1.0	2.19722457733622	24.6416311243761
"ZAF"	"South Africa"	2010.0	2339.0	0.0	4.0	3.17712620490656E11	9.0	2.0	7.75747876658418	1.0	2.19722457733622	26.4844131019864
"THA"	"Thailand"	2010.0	2481.0	0.0	8.0	3.08010041371585E11	7.0	2.0	7.8164169836918	1.0	1.94591014905531	26.4533982212444
"TUN"	"Tunisia"	2010.0	1791.0	1.0	11.0	4.39358065968323E10	8.0	2.0	7.49052940206071	0.0	2.07944154167984	24.5059954645929
"TUR"	"Turkey"	2010.0	2468.0	0.0	8.0	7.54130282035215E11	8.0	2.0	7.81116338502528	1.0	2.07944154167984	27.3488309778734
"URY"	"Uruguay"	2010.0	1677.0	0.0	3.0	3.50598177781551E10	10.0	1.0	7.42476176182321	1.0	2.30258509299405	24.2803215189974
"UZB"	"Uzbekistan"	2010.0	2279.0	0.0	1.0	3.83462120496674E10	9.0	1.0	7.73149202924568	1.0	2.19722457733622	24.3699215867305
"ZWE"	"Zimbabwe"	2010.0	2735.0	0.0	9.0	6.86923312497888E9	9.0	2.0	7.91388671485608	1.0	2.19722457733622	22.6503183103093
"DZA"	"Algeria"	2012.0	2298.0	1.0	10.0	1.93204750260788E11	6.0	2.0	7.7397944584087	0.0	1.79175946922805	25.9870163456937
"ARG"	"Argentina"	2012.0	1.76	0.0	9.0	4.96112638697524E11	10.0	1.0	0.56531380905006	1.0	2.30258509299405	26.9300688320376
"ARM"	"Armenia"	2012.0	2214.0	0.0	9.0	1.11925734969949E10	9.0	2.0	7.70255611326858	1.0	2.19722457733622	23.1385163146868
"AZE"	"Azerbaijan"	2012.0	2284.0	0.0	3.0	6.02136931511973E10	9.0	1.0	7.7336835707759	1.0	2.19722457733622	24.8211656243792
"BHR"	"Bahrain"	2012.0	2083.0	1.0	11.0	2.58916706635246E10	7.0	4.0	7.64156444126097	0.0	1.94591014905531	23.9771871579259
"BLR"	"Belarus"	2012.0	2132.0	0.0	8.0	6.26701487862806E10	9.0	1.0	7.66481578528574	1.0	2.19722457733622	24.8611510753031
"BRA"	"Brazil"	2012.0	2046.0	0.0	5.0	2.46346643679365E12	10.0	2.0	7.62364194651157	1.0	2.30258509299405	28.5325905946418
"BGR"	"Bulgaria"	2012.0	1685.0	0.0	9.0	5.41866373971035E10	10.0	1.0	7.42952084278646	1.0	2.30258509299405	24.7157001725066
"CHL"	"Chile"	2012.0	1581.0	0.0	9.0	2.49442308530758E11	9.0	1.0	7.36581283720947	1.0	2.19722457733622	26.242493497067
"CHN"	"China"	2012.0	2154.0	0.0	1.0	8.02733716377401E12	10.0	1.0	7.67508185771633	1.0	2.30258509299405	29.7138739779051
"COL"	"Colombia"	2012.0	2.64	0.0	8.0	3.34868759298303E11	9.0	2.0	0.970778917158225	1.0	2.19722457733622	26.5370045287235
"CZE"	"Czech Republic"	2012.0	1406.0	0.0	7.0	2.03345784377522E11	10.0	3.0	7.24850407237061	1.0	2.30258509299405	26.0381737382144
"ECU"	"Ecuador"	2012.0	2.05	0.0	9.0	8.3365338499697E10	9.0	2.0	0.717839793150317	1.0	2.19722457733622	25.146498454404
"EST"	"Estonia"	2012.0	1706.0	0.0	6.0	2.23560340321878E10	10.0	3.0	7.44190672805162	1.0	2.30258509299405	23.830362100637
"GEO"	"Georgia"	2012.0	2546.0	0.0	9.0	1.4800794221343E10	8.0	2.0	7.84227877911735	1.0	2.07944154167984	23.4179466798809
"GHA"	"Ghana"	2012.0	1793.0	0.0	4.0	4.01261290061881E10	8.0	2.0	7.49164547360513	1.0	2.07944154167984	24.4152935552266
"HTI"	"Haiti"	2012.0	2177.0	0.0	9.0	7.75696190251916E9	9.0	1.0	7.68570306123455	1.0	2.19722457733622	22.7718565870752
"HUN"	"Hungary"	2012.0	1523.0	0.0	7.0	1.28087955191622E11	9.0	1.0	7.32843735289516	1.0	2.19722457733622	25.5759830148212
"IND"	"India"	2012.0	2675.0	0.0	8.0	1.87209632098525E12	9.0	2.0	7.89170465933011	1.0	2.19722457733622	28.258079946178
"IRQ"	"Iraq"	2012.0	3227.0	1.0	10.0	2.01092662505936E11	5.0	2.0	8.07930819205196	0.0	1.6094379124341	26.0270316462664
"JOR"	"Jordan"	2012.0	1859.0	1.0	11.0	2.94229492482872E10	6.0	2.0	7.52779398772144	0.0	1.79175946922805	24.1050407934682
"KAZ"	"Kazakhstan"	2012.0	2147.0	0.0	6.0	1.66922826921629E11	9.0	2.0	7.67182679787878	1.0	2.19722457733622	25.8407974283137
"KWT"	"Kuwait"	2012.0	1708.0	1.0	12.0	1.69624637548991E11	6.0	4.0	7.44307837434852	0.0	1.79175946922805	25.8568538183209
"LBN"	"Lebanon"	2012.0	2435.0	0.0	6.0	4.19348295016255E10	7.0	2.0	7.79770203551669	1.0	1.94591014905531	24.4593825715971
"LBY"	"Libya"	2012.0	2822.0	1.0	10.0	7.25812914427709E10	7.0	2.0	7.94520113241276	0.0	1.94591014905531	25.0079730319427
"LTU"	"Lithuania"	2012.0	1.8	0.0	7.0	4.213837558591E10	10.0	2.0	0.587786664902119	1.0	2.30258509299405	24.4642246965469
"MYS"	"Malaysia"	2012.0	1.59	1.0	12.0	2.95984521539704E11	6.0	2.0	0.46373401623214	0.0	1.79175946922805	26.4135729978076
"MEX"	"Mexico"	2012.0	2.44	0.0	3.0	1.18474262462882E12	10.0	2.0	0.89199803930511	1.0	2.30258509299405	27.8005466725195
"MAR"	"Morocco"	2012.0	1889.0	1.0	11.0	1.00417881045857E11	6.0	2.0	7.54380286750151	0.0	1.79175946922805	25.3326061264128
"NGA"	"Nigeria"	2012.0	2707.0	0.0	6.0	4.15013126585275E11	5.0	2.0	7.9035962896143	1.0	1.6094379124341	26.7515759870028
"PAK"	"Pakistan"	2012.0	3.0	1.0	12.0	2.23990153946389E11	3.0	2.0	1.09861228866811	0.0	1.09861228866811	26.1348679322389
"PER"	"Peru"	2012.0	2094.0	0.0	9.0	1.70988680959132E11	9.0	2.0	7.64683139143048	1.0	2.19722457733622	25.8648631980368
"PHL"	"Philippines"	2012.0	2386.0	0.0	6.0	2.88278628125228E11	7.0	2.0	7.77737360265786	1.0	1.94591014905531	26.3871933081639
"POL"	"Poland"	2012.0	1.53	0.0	8.0	5.06260113031239E11	8.0	2.0	0.425267735404344	1.0	2.07944154167984	26.9503164315256
"QAT"	"Qatar"	2012.0	1373.0	1.0	12.0	1.60003050563481E11	6.0	4.0	7.22475340576797	0.0	1.79175946922805	25.7984587180202
"ROU"	"Romania"	2012.0	1585.0	0.0	8.0	1.75763179303279E11	9.0	2.0	7.36833968631138	1.0	2.19722457733622	25.892403353749
"RWA"	"Rwanda"	2012.0	2348.0	0.0	3.0	7.07306932014188E9	10.0	1.0	7.76131918094799	1.0	2.30258509299405	22.6795603556227
"SGP"	"Singapore"	2012.0	1426.0	0.0	4.0	2.71512893649939E11	10.0	3.0	7.26262860097424	1.0	2.30258509299405	26.3272754656161
"SVN"	"Slovenia"	2012.0	1374.0	0.0	6.0	4.78968248832487E10	9.0	3.0	7.22548147278229	1.0	2.19722457733622	24.592315052804
"ZAF"	"South Africa"	2012.0	2.27	0.0	4.0	3.99853254669657E11	9.0	2.0	0.819779831493311	1.0	2.19722457733622	26.7143634534177
"THA"	"Thailand"	2012.0	2395.0	0.0	8.0	3.74726227901265E11	7.0	2.0	7.78113850984502	1.0	1.94591014905531	26.6494615373641
"TUN"	"Tunisia"	2012.0	1978.0	1.0	11.0	4.44723457805631E10	7.0	2.0	7.58984151218266	0.0	1.94591014905531	24.5181333898094
"TUR"	"Turkey"	2012.0	2.32	0.0	8.0	8.86127045801469E11	7.0	2.0	0.841567185678219	1.0	1.94591014905531	27.5101261698242
"URY"	"Uruguay"	2012.0	1613.0	0.0	3.0	4.72453730437575E10	10.0	1.0	7.38585107812521	1.0	2.30258509299405	24.5786205610914
"UZB"	"Uzbekistan"	2012.0	2317.0	0.0	1.0	5.19384142596308E10	8.0	1.0	7.74802852443238	1.0	2.07944154167984	24.6733245124807
"ZWE"	"Zimbabwe"	2012.0	2599.0	0.0	9.0	1.18505704421109E10	9.0	2.0	7.86288203464149	1.0	2.19722457733622	23.1956418419437
"DZA"	"Algeria"	2014.0	2315.0	1.0	10.0	2.13917623492927E11	6.0	2.0	7.74716496652033	0.0	1.79175946922805	26.0888568409121
"ARG"	"Argentina"	2014.0	1904.0	0.0	9.0	5.26836253090669E11	10.0	1.0	7.55171221535131	1.0	2.30258509299405	26.9901556220078
"ARM"	"Armenia"	2014.0	2266.0	0.0	9.0	1.20659141026172E10	9.0	2.0	7.72577144158795	1.0	2.19722457733622	23.2136502979787
"AZE"	"Azerbaijan"	2014.0	2423.0	0.0	3.0	7.33982469797766E10	9.0	1.0	7.79276172081653	1.0	2.19722457733622	25.0191658891724
"BHR"	"Bahrain"	2014.0	2263.0	1.0	11.0	2.80747650396561E10	6.0	4.0	7.72444664563354	0.0	1.79175946922805	24.0581369685121
"BLR"	"Belarus"	2014.0	2.23	0.0	8.0	7.19874046452938E10	9.0	1.0	0.802001585472027	1.0	2.19722457733622	24.9997570051774
"BRA"	"Brazil"	2014.0	2082.0	0.0	5.0	2.45417956875429E12	9.0	2.0	7.64108424917491	1.0	2.19722457733622	28.5288136334417
"BGR"	"Bulgaria"	2014.0	1671.0	0.0	9.0	5.57630984342345E10	10.0	1.0	7.42117752859539	1.0	2.30258509299405	24.7443781691833
"CHL"	"Chile"	2014.0	1.65	0.0	9.0	2.66667278093031E11	9.0	1.0	0.500775287912489	1.0	2.19722457733622	26.3092675687925
"CHN"	"China"	2014.0	2234.0	0.0	1.0	1.02649031041749E13	10.0	1.0	7.71154897962915	1.0	2.30258509299405	29.9597517269175
"COL"	"Colombia"	2014.0	2.75	0.0	8.0	3.80916805832576E11	9.0	2.0	1.01160091167848	1.0	2.19722457733622	26.6658468308349
"CZE"	"Czech Republic"	2014.0	1466.0	0.0	7.0	1.97813770389766E11	10.0	3.0	7.2902928824466	1.0	2.30258509299405	26.0105918714558
"ECU"	"Ecuador"	2014.0	2082.0	0.0	9.0	9.74461913109115E10	9.0	2.0	7.64108424917491	1.0	2.19722457733622	25.3025661786155
"EST"	"Estonia"	2014.0	1714.0	0.0	6.0	2.47793602144887E10	10.0	3.0	7.44658509915773	1.0	2.30258509299405	23.9332768941898
"GEO"	"Georgia"	2014.0	2279.0	0.0	9.0	1.67302447715886E10	8.0	2.0	7.73149202924568	1.0	2.07944154167984	23.5404839825368
"GHA"	"Ghana"	2014.0	1806.0	0.0	4.0	4.28512389035544E10	8.0	2.0	7.49886973397693	1.0	2.07944154167984	24.4810003941406
"HTI"	"Haiti"	2014.0	2191.0	0.0	9.0	8.71054412931705E9	9.0	1.0	7.69211333959547	1.0	2.19722457733622	22.8878000976525
"HUN"	"Hungary"	2014.0	1515.0	0.0	7.0	1.32755149580624E11	9.0	1.0	7.32317071794347	1.0	2.19722457733622	25.6117722878839
"IND"	"India"	2014.0	2536.0	0.0	8.0	2.02099903609957E12	9.0	2.0	7.83834331555712	1.0	2.19722457733622	28.3346130774076
"IRQ"	"Iraq"	2014.0	3.35	1.0	10.0	2.35233971626215E11	5.0	2.0	1.20896034583698	0.0	1.6094379124341	26.1838464797271
"JOR"	"Jordan"	2014.0	2011.0	1.0	11.0	3.406971880197E10	6.0	2.0	7.60638738977265	0.0	1.79175946922805	24.2516748150475
"KAZ"	"Kazakhstan"	2014.0	2.17	0.0	6.0	2.08947034276036E11	9.0	2.0	0.774727167552368	1.0	2.19722457733622	26.0653466322772
"KWT"	"Kuwait"	2014.0	1735.0	1.0	12.0	1.88256879404685E11	6.0	4.0	7.45876269238096	0.0	1.79175946922805	25.9610732469411
"LBN"	"Lebanon"	2014.0	2757.0	0.0	6.0	4.64388882537537E10	7.0	2.0	7.9218984110238	1.0	1.94591014905531	24.5614030540786
"LBY"	"Libya"	2014.0	2498.0	1.0	10.0	4.84104708486689E10	4.0	2.0	7.82324569068552	0.0	1.38629436111989	24.6029819671194
"LTU"	"Lithuania"	2014.0	1756.0	0.0	7.0	4.69834811578647E10	10.0	2.0	7.47079377419506	1.0	2.30258509299405	24.573061912152
"MYS"	"Malaysia"	2014.0	1593.0	1.0	12.0	3.3269527954227E11	6.0	2.0	7.37337430991005	0.0	1.79175946922805	26.5304928315392
"MEX"	"Mexico"	2014.0	2591.0	0.0	3.0	1.26948387743394E12	10.0	2.0	7.85979918056211	1.0	2.30258509299405	27.8696315380766
"MAR"	"Morocco"	2014.0	2.06	1.0	11.0	1.06249737781302E11	6.0	2.0	0.72270598280149	0.0	1.79175946922805	25.3890581768072
"NGA"	"Nigeria"	2014.0	2.88	0.0	6.0	5.26651701718765E11	4.0	2.0	1.05779029414785	1.0	1.38629436111989	26.9898052594376
"PAK"	"Pakistan"	2014.0	3122.0	1.0	12.0	2.58375333595839E11	3.0	2.0	8.04622910107538	0.0	1.09861228866811	26.277679146078
"PER"	"Peru"	2014.0	2212.0	0.0	9.0	1.96467692597629E11	9.0	2.0	7.70165236264223	1.0	2.19722457733622	26.0037638404768
"PHL"	"Philippines"	2014.0	2508.0	0.0	6.0	3.47241837300632E11	7.0	2.0	7.82724090175281	1.0	1.94591014905531	26.5732873116109
"POL"	"Poland"	2014.0	1563.0	0.0	8.0	5.19915284736183E11	9.0	2.0	7.35436233042148	1.0	2.19722457733622	26.9769317212811
"QAT"	"Qatar"	2014.0	1681.0	1.0	12.0	1.96492544368135E11	5.0	4.0	7.42714413340862	0.0	1.6094379124341	26.003890325389
"ROU"	"Romania"	2014.0	1673.0	0.0	8.0	1.91193490058069E11	9.0	2.0	7.42237370098682	1.0	2.19722457733622	25.9765517891706
"RWA"	"Rwanda"	2014.0	2.44	0.0	3.0	7.99807878489054E9	10.0	1.0	0.89199803930511	1.0	2.30258509299405	22.8024671978965
"SGP"	"Singapore"	2014.0	1559.0	0.0	4.0	3.08340050356284E11	10.0	3.0	7.35179986905778	1.0	2.30258509299405	26.4544690704927
"SVN"	"Slovenia"	2014.0	1444.0	0.0	6.0	4.85424608854099E10	9.0	3.0	7.27517231945277	1.0	2.19722457733622	24.6057047340523
"ZAF"	"South Africa"	2014.0	2393.0	0.0	4.0	3.68462492692823E11	9.0	2.0	7.78030308790837	1.0	2.19722457733622	26.6326047596582
"THA"	"Thailand"	2014.0	2443.0	0.0	8.0	3.94295923559624E11	6.0	2.0	7.80098207125774	1.0	1.79175946922805	26.7003675393531
"TUN"	"Tunisia"	2014.0	2082.0	1.0	11.0	4.6071245243939E10	6.0	2.0	7.64108424917491	0.0	1.79175946922805	24.5534548449177
"TUR"	"Turkey"	2014.0	2514.0	0.0	8.0	9.69978848843114E11	7.0	2.0	7.82963038915019	1.0	1.94591014905531	27.6005401028897
"URY"	"Uruguay"	2014.0	1734.0	0.0	3.0	5.55061641079321E10	10.0	1.0	7.45818615734049	1.0	2.30258509299405	24.7397599165393
"UZB"	"Uzbekistan"	2014.0	2285.0	0.0	1.0	6.48843532190927E10	9.0	1.0	7.7341213033283	1.0	2.19722457733622	24.8958723409745
"ZWE"	"Zimbabwe"	2014.0	2468.0	0.0	4.0	1.38815878887207E10	9.0	2.0	7.81116338502528	1.0	2.19722457733622	23.3538291866864
"DZA"	"Algeria"	2016.0	2213.0	1.0	10.0	1.77046012391228E11	6.0	2.0	7.70210434005105	0.0	1.79175946922805	25.8996754927499
"ARG"	"Argentina"	2016.0	1957.0	0.0	9.0	5.23472468904183E11	10.0	1.0	7.57916796739608	1.0	2.30258509299405	26.9837502754332
"ARM"	"Armenia"	2016.0	2218.0	0.0	9.0	1.10243421860049E10	9.0	2.0	7.70436116791031	1.0	2.19722457733622	23.1233715908308
"AZE"	"Azerbaijan"	2016.0	2450.0	0.0	3.0	4.64409037798612E10	8.0	1.0	7.80384330353877	1.0	2.07944154167984	24.5614464548241
"BHR"	"Bahrain"	2016.0	2398.0	1.0	11.0	3.04264955307257E10	6.0	4.0	7.78239033558746	0.0	1.79175946922805	24.1385796292784
"BLR"	"Belarus"	2016.0	2202.0	0.0	8.0	5.3418376583517E10	9.0	1.0	7.69712131728263	1.0	2.19722457733622	24.7014206544906
"BRA"	"Brazil"	2016.0	2176.0	0.0	5.0	1.83968693433213E12	9.0	2.0	7.68524360797583	1.0	2.19722457733622	28.2406165286885
"BGR"	"Bulgaria"	2016.0	1646.0	0.0	9.0	5.40577896607945E10	10.0	1.0	7.40610338123702	1.0	2.30258509299405	24.7133194901811
"CHL"	"Chile"	2016.0	1635.0	0.0	9.0	2.40476944805607E11	9.0	1.0	7.39939808333135	1.0	2.19722457733622	26.2058900583029
"CHN"	"China"	2016.0	2288.0	0.0	1.0	1.13804446922371E13	10.0	1.0	7.73543335249969	1.0	2.30258509299405	30.0629176205098
"COL"	"Colombia"	2016.0	2764.0	0.0	8.0	3.08997882178775E11	9.0	2.0	7.92443418488756	1.0	2.19722457733622	26.4566002600303
"ECU"	"Ecuador"	2016.0	2020.0	0.0	9.0	9.50937851966286E10	8.0	2.0	7.61085279039525	1.0	2.07944154167984	25.2781294541692
"EST"	"Estonia"	2016.0	1732.0	0.0	6.0	2.34667529464854E10	10.0	3.0	7.45703208912238	1.0	2.30258509299405	23.8788504881324
"GEO"	"Georgia"	2016.0	2057.0	0.0	9.0	1.42593544945355E10	8.0	2.0	7.62900388965296	1.0	2.07944154167984	23.3806789840451
"GHA"	"Ghana"	2016.0	1809.0	0.0	4.0	3.93322754398714E10	7.0	2.0	7.50052948539529	1.0	1.94591014905531	24.3953112767858
"HTI"	"Haiti"	2016.0	2066.0	0.0	9.0	8.5248398118469E9	9.0	1.0	7.63336964967958	1.0	2.19722457733622	22.8662500695403
"HUN"	"Hungary"	2016.0	1534.0	0.0	7.0	1.2263768891596E11	9.0	1.0	7.3356339819272	1.0	2.19722457733622	25.5325002268768
"IND"	"India"	2016.0	2566.0	0.0	8.0	2.22465978739708E12	8.0	2.0	7.85010354517558	1.0	2.07944154167984	28.430625115315
"IRQ"	"Iraq"	2016.0	3570.0	1.0	10.0	2.01646639488152E11	3.0	2.0	8.18032087477368	0.0	1.09861228866811	26.0297826930545
"JOR"	"Jordan"	2016.0	2127.0	1.0	11.0	3.70568078584643E10	6.0	2.0	7.66246781520024	0.0	1.79175946922805	24.3357179196757
"KAZ"	"Kazakhstan"	2016.0	2019.0	0.0	6.0	1.56647523117132E11	9.0	2.0	7.61035761831284	1.0	2.19722457733622	25.7772640426469
"KWT"	"Kuwait"	2016.0	1842.0	1.0	12.0	1.41410635168219E11	6.0	4.0	7.51860721681525	0.0	1.79175946922805	25.6749338009342
"LBN"	"Lebanon"	2016.0	2752.0	0.0	6.0	4.78914209126918E10	7.0	2.0	7.92008319905323	1.0	1.94591014905531	24.5922022212031
"LBY"	"Libya"	2016.0	3200.0	1.0	10.0	3.21873604265352E10	3.0	2.0	8.07090608878782	0.0	1.09861228866811	24.194839679098
"LTU"	"Lithuania"	2016.0	1735.0	0.0	7.0	4.24302362937856E10	10.0	2.0	7.45876269238096	1.0	2.30258509299405	24.4711270651714
"MYS"	"Malaysia"	2016.0	1648.0	1.0	12.0	3.07407934382448E11	6.0	2.0	7.40731771046942	0.0	1.79175946922805	26.4514414789815
"MEX"	"Mexico"	2016.0	2557.0	0.0	3.0	1.14942789031899E12	9.0	2.0	7.84658997529119	1.0	2.19722457733622	27.770285447837
"MAR"	"Morocco"	2016.0	2086.0	1.0	11.0	1.0293768194162E11	6.0	2.0	7.64300363556072	0.0	1.79175946922805	25.3573896123787
"NGA"	"Nigeria"	2016.0	2877.0	0.0	6.0	4.55988411083163E11	4.0	2.0	7.96450336355155	1.0	1.38629436111989	26.8457332318465
"PAK"	"Pakistan"	2016.0	3145.0	1.0	12.0	2.89118860826403E11	3.0	2.0	8.05356916913454	0.0	1.09861228866811	26.3901037236415
"PER"	"Peru"	2016.0	2057.0	0.0	9.0	1.89131118326208E11	9.0	2.0	7.62900388965296	1.0	2.19722457733622	25.965706359232
"PHL"	"Philippines"	2016.0	2511.0	0.0	6.0	3.69869250593716E11	7.0	2.0	7.82843635915759	1.0	1.94591014905531	26.6364154033587
"POL"	"Poland"	2016.0	1557.0	0.0	8.0	4.81468037093863E11	9.0	2.0	7.350516171834	1.0	2.19722457733622	26.900105684037
"QAT"	"Qatar"	2016.0	1716.0	1.0	12.0	1.71320230526287E11	5.0	4.0	7.44775128004791	0.0	1.6094379124341	25.8668003352816
"ROU"	"Romania"	2016.0	1649.0	0.0	8.0	1.87518771104382E11	10.0	2.0	7.4079243225596	1.0	2.30258509299405	25.9571447899027
"RWA"	"Rwanda"	2016.0	2323.0	0.0	3.0	8.4377949010767E9	10.0	1.0	7.75061473277041	1.0	2.30258509299405	22.855986843773
"SGP"	"Singapore"	2016.0	1535.0	0.0	4.0	2.93523836726233E11	10.0	3.0	7.3362856600213	1.0	2.30258509299405	26.4052246883383
"SVN"	"Slovenia"	2016.0	1408.0	0.0	6.0	4.48077048336973E10	9.0	3.0	7.24992553671799	1.0	2.19722457733622	24.525645944475
"ZAF"	"South Africa"	2016.0	2316.0	0.0	4.0	3.07591887484451E11	9.0	2.0	7.74759683869289	1.0	2.19722457733622	26.4520397006425
"THA"	"Thailand"	2016.0	2312.0	0.0	8.0	3.92274652771785E11	6.0	2.0	7.74586822979227	1.0	1.79175946922805	26.6952280762259
"TUN"	"Tunisia"	2016.0	1949.0	1.0	11.0	4.21027300011564E10	7.0	2.0	7.57507169950756	0.0	1.94591014905531	24.4633784211655
"TUR"	"Turkey"	2016.0	2710.0	0.0	8.0	8.92797037526425E11	6.0	2.0	7.90470391387375	1.0	1.79175946922805	27.5176251103852
"URY"	"Uruguay"	2016.0	1726.0	0.0	3.0	5.23530242598592E10	10.0	1.0	7.45356187164337	1.0	2.30258509299405	24.6812755426012
"UZB"	"Uzbekistan"	2016.0	2216.0	0.0	1.0	7.07497157142949E10	8.0	1.0	7.70345904786717	1.0	2.07944154167984	24.9824143552892
"ZWE"	"Zimbabwe"	2016.0	2322.0	0.0	4.0	1.43814195275676E10	9.0	2.0	7.75018416225784	1.0	2.19722457733622	23.3892028997753
